(2021,3,28)	36	15	366.9899970293045
(2022,2,22)	31	15	364.7399996519089
(2022,7,19)	29	12	340.4400019645691
(2020,9,27)	28	12	331.7300009727478
(2020,12,20)	32	13	317.3700006008148
(2021,11,17)	27	11	315.67000246047974
(2021,6,25)	33	16	314.3199996948242
(2022,12,5)	28	13	311.0299997329712
(2022,5,30)	26	10	309.2800017595291
(2022,10,25)	26	12	305.0900008678436
(2021,4,29)	28	12	301.8799970149994
(2022,6,12)	29	15	299.6599987745285
(2023,1,31)	28	12	299.190000385046
(2022,9,8)	25	11	298.2400004118681
(2020,6,22)	32	12	295.4999986886978
(2021,5,2)	24	12	294.13999903202057
(2022,11,2)	26	11	288.85000056028366
(2021,10,28)	25	12	286.73000056296587
(2022,12,16)	26	14	284.1000015437603
(2020,12,6)	26	12	282.6099998950958
(2021,3,25)	23	11	277.76999974250793
(2021,1,8)	23	10	277.16000032424927
(2021,11,7)	22	11	275.26000106334686
(2022,7,16)	24	13	275.07000106573105
(2020,6,4)	23	10	273.9200029075146
(2020,8,23)	20	10	271.6300001144409
(2021,3,1)	24	11	270.06000077724457
(2021,4,25)	26	9	269.5500000715256
(2020,4,4)	25	12	267.8400002717972
(2021,5,13)	22	11	265.78999948501587
(2022,9,3)	29	14	264.43000042438507
(2021,3,8)	19	8	263.48000222444534
(2020,5,15)	26	13	263.44999945163727
(2020,12,13)	22	10	260.2999987602234
(2022,7,28)	22	12	260.2799999117851
(2020,12,2)	21	11	258.07999873161316
(2020,4,14)	23	10	257.28999948501587
(2021,8,3)	25	10	256.79000198841095
(2023,1,21)	27	13	256.40000163018703
(2022,12,2)	24	12	255.9699969291687
(2020,6,5)	23	11	255.81999826431274
(2022,3,22)	24	11	255.5300016105175
(2020,6,28)	23	12	255.4599980711937
(2021,1,31)	27	12	254.50999961793423
(2020,4,18)	19	10	254.4800000190735
(2021,9,2)	24	9	254.06999745965004
(2020,5,31)	23	11	250.69999992847443
(2022,5,15)	26	11	249.9200008958578
(2021,2,19)	22	9	249.45000183582306
(2022,12,26)	24	12	248.89999878406525
(2020,11,19)	21	9	248.21000349521637
(2022,10,22)	30	13	247.33000079542398
(2020,11,8)	24	12	246.99000096321106
(2020,6,30)	27	9	246.59000098705292
(2020,10,10)	22	8	244.63999891281128
(2020,7,30)	25	11	244.23999667167664
(2021,6,3)	23	9	243.11000114679337
(2023,2,3)	25	10	241.4400029182434
(2021,5,25)	20	9	239.0299985408783
(2021,8,21)	25	11	238.9800000190735
(2021,10,11)	22	11	238.75000023841858
(2020,7,15)	27	11	238.52000105381012
(2021,8,4)	23	9	238.49999979883432
(2021,11,27)	27	12	238.30000114440918
(2020,3,16)	21	10	238.13000121712685
(2022,1,22)	22	11	238.11999934911728
(2021,10,18)	17	8	236.2999973297119
(2022,6,19)	23	9	235.91999924182892
(2022,10,4)	23	10	235.5499993264675
(2021,7,11)	22	9	235.19999940693378
(2022,10,5)	22	10	235.11000108718872
(2022,8,6)	26	13	235.02999937534332
(2021,9,1)	20	8	234.37000036239624
(2022,11,26)	21	9	233.9299996495247
(2020,8,31)	22	10	232.47000014781952
(2021,5,6)	20	10	232.3600027859211
(2020,11,22)	22	11	232.05000042915344
(2022,7,10)	21	11	231.98000073432922
(2021,12,25)	27	12	231.57000017166138
(2022,5,1)	22	9	230.74000000953674
(2021,2,1)	23	11	230.64999973773956
(2022,4,6)	19	9	228.19999784231186
(2022,10,14)	23	11	227.36000046133995
(2022,4,15)	19	10	226.9800008535385
(2022,6,10)	23	11	226.19999814033508
(2022,5,19)	25	12	225.70999751240015
(2021,7,7)	23	11	225.6999985575676
(2022,3,15)	23	11	225.47999966144562
(2021,1,29)	20	9	225.33999925851822
(2021,11,18)	19	9	225.07000064849854
(2022,4,10)	29	14	223.8599982112646
(2021,10,3)	21	11	223.7199993133545
(2022,4,11)	20	11	221.94000113010406
(2021,8,1)	22	11	221.75000074505806
(2021,8,12)	23	10	221.60000056773424
(2021,6,1)	20	12	221.2999985218048
(2022,11,16)	19	9	220.9099999666214
(2020,11,16)	21	11	220.7200011909008
(2021,4,6)	20	8	220.57000279426575
(2021,9,4)	21	8	220.50999784469604
(2020,12,26)	25	13	220.18000003695488
(2021,8,19)	23	10	220.1600006222725
(2021,2,6)	27	11	219.8100001513958
(2022,11,27)	17	8	219.6700005531311
(2022,8,18)	20	11	218.76999962329865
(2021,10,23)	20	10	218.6200008392334
(2022,8,31)	16	10	218.46999979019165
(2022,6,14)	25	10	217.79999995231628
(2022,2,5)	26	10	217.41999825835228
(2023,2,24)	21	11	217.03999829292297
(2021,5,21)	21	10	216.78999948501587
(2021,5,4)	20	10	215.83999979496002
(2020,4,17)	17	8	215.81999802589417
(2021,2,27)	20	9	215.62000012397766
(2020,12,10)	19	9	215.44999957084656
(2023,2,23)	21	10	215.42000019550323
(2021,7,18)	22	8	215.2799999564886
(2021,4,2)	21	9	214.89999836683273
(2020,5,2)	18	8	214.77999866008759
(2021,5,3)	22	10	214.08000026643276
(2021,3,11)	19	9	213.8599999230355
(2021,6,18)	19	8	213.83000135421753
(2020,3,22)	19	8	213.79999977350235
(2021,2,15)	20	9	213.67999863624573
(2020,10,23)	22	10	213.59999984130263
(2021,7,5)	20	8	212.95999932289124
(2020,12,28)	25	12	212.69000115431845
(2021,6,16)	21	9	212.65000069141388
(2020,4,13)	24	11	212.58000057935715
(2021,2,8)	23	11	212.34000052511692
(2022,1,25)	17	10	211.85000012815
(2023,1,24)	20	7	211.73000025749207
(2021,12,14)	20	10	211.37999963760376
(2021,9,28)	17	7	210.89999961853027
(2022,8,10)	17	8	210.89000129699707
(2022,6,7)	20	9	210.0400023534894
(2020,7,25)	22	9	209.5300009995699
(2020,10,9)	19	9	209.35999608039856
(2022,6,26)	21	10	209.31000058725476
(2022,4,3)	25	12	208.53999921679497
(2022,8,22)	22	10	208.08000034093857
(2020,4,23)	19	9	207.72000139951706
(2020,8,22)	19	10	207.65000009536743
(2021,8,8)	20	9	207.64000037312508
(2023,1,25)	23	11	207.12000077962875
(2022,12,6)	19	8	206.9699994623661
(2022,7,3)	16	9	206.94999933242798
(2022,1,10)	19	7	206.44999927282333
(2023,2,2)	19	10	206.06000089645386
(2021,5,15)	17	8	205.90999674797058
(2020,9,18)	20	10	205.599999666214
(2020,8,24)	18	8	205.47000360488892
(2021,9,16)	21	8	204.9599996805191
(2023,1,23)	18	10	204.78000020980835
(2020,12,22)	20	8	204.52000260353088
(2023,1,18)	19	7	204.52000033855438
(2021,8,9)	18	9	204.25999876856804
(2022,6,6)	27	12	203.9299996495247
(2021,12,10)	18	8	203.50999894738197
(2022,12,14)	21	10	203.50000220164657
(2023,3,6)	21	13	203.50000058859587
(2021,7,2)	19	9	203.06999992206693
(2020,6,17)	24	11	203.02999716997147
(2021,1,22)	18	10	202.63999772071838
(2022,10,31)	16	8	202.57999968528748
(2021,2,18)	20	10	202.14000022411346
(2022,2,21)	18	9	201.40000176429749
(2020,10,5)	19	10	200.85999864339828
(2021,4,23)	18	9	200.24999976158142
(2021,8,10)	20	9	199.77000254392624
(2020,5,19)	22	7	199.64999963715672
(2023,1,15)	19	10	199.61000037193298
(2021,10,20)	18	9	199.31999969482422
(2020,7,26)	19	9	198.9500013589859
(2022,12,27)	17	9	198.5899977684021
(2022,11,13)	18	10	198.3900020122528
(2023,1,4)	16	7	198.13999915122986
(2021,11,26)	19	9	197.68999981880188
(2022,8,21)	19	9	197.35000085830688
(2020,5,3)	19	9	196.64999747276306
(2022,9,29)	19	10	196.50000095367432
(2021,8,15)	19	8	196.05000233650208
(2021,12,5)	19	9	195.95000076293945
(2021,1,25)	20	10	195.81000292301178
(2022,5,12)	19	11	195.78000159561634
(2022,10,30)	21	10	195.65000092983246
(2021,10,1)	18	9	195.42000007629395
(2021,12,23)	18	9	194.75
(2023,1,19)	17	7	194.2900012731552
(2022,5,14)	20	8	194.10999995470047
(2021,3,29)	19	9	193.80999833345413
(2021,11,14)	17	7	193.52999997138977
(2022,1,21)	19	11	193.50999842584133
(2020,3,21)	22	9	193.32000184059143
(2022,11,14)	16	7	193.3000020980835
(2020,6,8)	18	9	192.86999988555908
(2020,6,12)	17	8	192.85000133514404
(2022,9,12)	20	10	192.64999873936176
(2021,5,29)	19	9	192.56999897956848
(2022,12,19)	20	10	192.49999809265137
(2020,10,26)	21	12	192.25999975204468
(2021,6,2)	20	10	192.25999745726585
(2022,5,18)	17	6	191.00000166893005
(2021,3,19)	16	7	190.95999997854233
(2020,12,21)	18	8	190.85000294446945
(2021,4,24)	17	9	190.80999994277954
(2022,3,17)	18	7	190.4100000858307
(2021,2,20)	20	9	190.37000194191933
(2020,5,27)	18	9	190.0799981355667
(2020,6,2)	19	9	189.95000231266022
(2022,10,17)	22	10	189.79999768733978
(2022,10,24)	23	9	189.49999874830246
(2022,11,25)	17	7	189.3799992799759
(2021,4,4)	18	10	189.28000074625015
(2022,2,13)	16	7	189.26000034809113
(2022,4,17)	17	7	188.86999893188477
(2021,11,9)	14	7	187.79999819397926
(2023,1,20)	18	8	187.70999908447266
(2022,7,27)	19	9	187.51999628543854
(2021,12,3)	19	9	187.2800015360117
(2020,4,20)	18	10	187.11999833583832
(2022,2,14)	19	9	187.10000237822533
(2020,6,24)	17	7	187.00999987125397
(2022,1,8)	17	9	186.91999870538712
(2020,12,16)	20	9	186.86000084877014
(2020,10,25)	18	10	186.5399993956089
(2023,3,4)	18	8	186.46000027656555
(2022,9,15)	19	10	186.06000125408173
(2022,10,20)	21	9	186.04000091552734
(2022,12,9)	18	8	185.54999953508377
(2021,3,23)	22	9	185.11000081896782
(2021,9,6)	18	9	184.83999919891357
(2021,6,12)	19	9	184.54999935626984
(2020,10,13)	20	8	184.5199976861477
(2020,4,7)	14	8	184.3200011253357
(2022,10,8)	20	10	183.48000067472458
(2022,9,24)	16	7	183.47999906539917
(2021,3,18)	19	8	182.75999933481216
(2023,1,8)	16	6	182.58000087738037
(2021,2,23)	15	8	182.44999814033508
(2022,8,15)	22	11	181.91999964788556
(2022,2,19)	16	8	181.670000012964
(2022,7,22)	21	10	181.59999811649323
(2020,6,26)	16	8	181.569999396801
(2022,4,27)	14	7	181.46999967098236
(2023,2,22)	16	8	180.93000119924545
(2022,1,12)	16	6	180.92000202089548
(2020,3,11)	13	5	180.91000032424927
(2020,8,2)	17	8	180.87000074982643
(2021,6,10)	20	8	180.650000333786
(2020,10,27)	22	10	180.64000150561333
(2020,6,10)	14	7	180.10999822616577
(2021,7,28)	15	7	179.67000150680542
(2020,8,16)	18	8	178.12999908439815
(2021,3,31)	20	12	177.88000011444092
(2020,9,16)	21	9	177.69999945163727
(2022,6,24)	18	9	177.4600007534027
(2022,3,16)	19	9	177.42000307887793
(2020,11,1)	18	7	177.4200019929558
(2023,1,11)	17	7	177.07000064477324
(2021,8,11)	18	8	176.9399996995926
(2022,9,7)	20	7	176.92000088840723
(2021,4,19)	22	10	176.6399986743927
(2021,1,7)	18	8	176.59999990463257
(2022,8,1)	17	8	176.46999943256378
(2020,3,29)	22	12	176.36999973654747
(2020,7,4)	19	8	176.2200010418892
(2022,1,15)	14	8	176.10000014305115
(2023,1,7)	21	9	175.81999960541725
(2020,10,19)	17	7	175.41999810934067
(2021,12,31)	17	7	175.4000015258789
(2022,2,9)	18	10	175.3800003528595
(2020,11,14)	16	10	175.26000213623047
(2020,6,15)	19	10	175.21000039577484
(2022,7,7)	20	9	174.53999909758568
(2020,11,29)	18	8	174.07000106573105
(2022,9,13)	18	8	174.04999974370003
(2021,1,26)	17	8	173.82999992370605
(2023,3,5)	17	8	173.64999790489674
(2021,8,17)	15	7	173.42999982833862
(2021,7,17)	17	9	173.36000019311905
(2022,8,4)	15	7	173.18000065535307
(2021,10,27)	14	6	173.01000022888184
(2021,6,5)	17	7	172.7500006556511
(2020,8,21)	16	9	172.61000192165375
(2021,11,8)	16	7	172.15000146627426
(2020,4,21)	16	9	172.13000011444092
(2021,10,31)	16	6	171.7800006866455
(2022,5,4)	20	12	171.49999910593033
(2020,9,19)	13	8	171.35999882221222
(2021,9,5)	16	8	171.13999831676483
(2020,11,5)	20	13	170.78999976813793
(2022,4,24)	13	6	170.71999788284302
(2022,3,12)	15	8	170.66000241041183
(2021,2,21)	14	8	170.58000004291534
(2021,11,5)	17	10	170.54000115394592
(2022,1,4)	17	8	170.28999948501587
(2020,8,14)	19	9	170.14000010490417
(2022,11,22)	17	9	170.11000162363052
(2021,6,19)	18	9	169.8500011563301
(2021,1,20)	16	7	169.13999831676483
(2020,10,15)	17	11	168.50000077486038
(2021,8,30)	18	10	168.430001527071
(2020,10,30)	16	8	168.3399999141693
(2020,8,27)	19	10	168.23000034689903
(2020,10,2)	16	7	167.9400008916855
(2021,7,25)	21	9	167.6600006595254
(2021,4,1)	16	7	167.35999941825867
(2020,8,25)	14	6	167.24999997019768
(2020,10,24)	18	9	166.93999910354614
(2021,11,19)	16	8	166.9100000858307
(2021,2,10)	16	7	166.32999882102013
(2022,3,11)	17	8	166.0400015115738
(2021,12,19)	17	8	166.01000025868416
(2023,2,26)	16	8	165.9400023408234
(2022,6,22)	16	7	165.72999811172485
(2023,1,1)	16	8	165.25000190734863
(2021,11,12)	14	6	164.80999994277954
(2021,11,24)	17	11	164.760000705719
(2023,2,4)	17	8	164.6399996560067
(2022,3,6)	15	8	164.61999785900116
(2022,7,6)	18	8	164.59000009298325
(2020,7,3)	19	7	164.56999868154526
(2020,7,2)	17	8	164.17000019550323
(2023,3,2)	18	9	164.10000014305115
(2020,11,23)	20	10	163.91999965906143
(2020,3,14)	16	7	163.85000014305115
(2021,11,10)	18	8	163.7899992465973
(2020,9,21)	18	9	163.6499996036291
(2020,7,14)	15	10	163.58999967575073
(2021,12,27)	14	8	162.82000088691711
(2023,1,12)	20	11	162.5599990040064
(2022,1,28)	16	8	162.49000090360641
(2022,8,29)	15	7	162.43999978899956
(2022,12,29)	14	8	162.18999826908112
(2021,4,11)	15	5	161.92000210285187
(2023,2,13)	17	8	161.48000013828278
(2020,8,13)	18	8	161.04999855160713
(2021,4,26)	15	7	160.98000049591064
(2020,12,4)	17	8	160.85000029206276
(2021,5,30)	17	10	160.81000012159348
(2020,3,17)	20	8	160.640001244843
(2020,4,25)	16	9	160.61999970301986
(2021,11,21)	17	9	160.50000059604645
(2020,4,10)	14	9	160.4499989748001
(2021,5,9)	14	7	160.4499979019165
(2022,3,20)	18	9	160.31000018119812
(2020,5,14)	18	8	159.92000004649162
(2021,3,30)	14	7	159.7499998807907
(2022,10,28)	16	8	159.45000019669533
(2022,10,13)	13	6	159.44000005722046
(2021,9,29)	19	9	159.28000032901764
(2020,5,21)	17	7	159.2499998807907
(2020,6,18)	12	5	159.17000150680542
(2022,7,14)	14	6	159.16000056266785
(2020,4,8)	12	8	159.14999866485596
(2022,3,4)	16	8	158.84000250697136
(2022,8,3)	19	8	158.78000098466873
(2022,4,19)	16	6	158.4700003862381
(2021,7,29)	17	9	158.29000055789948
(2021,1,14)	20	8	158.20000056922436
(2020,6,3)	16	9	158.0999998152256
(2021,4,8)	15	8	158.09000286459923
(2022,1,16)	13	7	157.6500005722046
(2020,9,23)	17	8	157.12999999523163
(2021,6,28)	17	8	156.8700025677681
(2020,4,12)	17	8	156.83999699354172
(2022,1,13)	13	8	156.67999935150146
(2021,9,9)	17	8	156.45000031404197
(2022,12,17)	13	8	156.2600016593933
(2021,2,4)	18	12	156.07000130414963
(2022,1,18)	16	9	156.0099993944168
(2021,2,28)	12	9	155.8699986934662
(2021,4,12)	18	11	155.78000104427338
(2021,5,10)	15	8	155.58999997377396
(2022,12,24)	14	7	155.3399977684021
(2020,7,28)	14	7	155.23999691009521
(2020,8,3)	13	6	155.12999987602234
(2022,2,8)	19	9	154.97999754548073
(2022,5,3)	19	8	154.1300008483231
(2020,5,30)	17	8	154.06000075489283
(2022,3,14)	17	9	153.9099999666214
(2021,12,7)	15	7	153.81000185012817
(2022,5,26)	18	9	153.15999966673553
(2023,1,30)	18	8	153.14000058174133
(2022,2,16)	16	9	153.08000069856644
(2022,4,18)	15	8	153.07999992370605
(2020,11,17)	16	8	153.01999807357788
(2020,4,29)	18	9	152.7699990272522
(2020,3,28)	18	9	152.7499995827675
(2020,9,17)	17	10	152.70999890565872
(2022,11,9)	17	8	152.60000097751617
(2021,6,24)	16	7	152.56000062823296
(2021,12,18)	19	8	152.21000039577484
(2020,6,13)	15	8	152.12999832630157
(2021,5,7)	17	9	152.08000022172928
(2022,5,7)	16	6	151.9699991941452
(2021,1,16)	15	8	151.90000128746033
(2021,6,26)	15	7	151.8300018310547
(2022,11,12)	15	6	151.78999945521355
(2022,6,8)	13	6	151.7200005054474
(2020,8,8)	17	7	151.7100009918213
(2020,7,6)	15	8	151.40000119805336
(2021,1,21)	19	8	151.3900002837181
(2021,2,24)	16	8	151.3100010715425
(2021,3,27)	17	8	150.68000197410583
(2021,6,8)	13	7	150.58000111579895
(2021,6,21)	13	5	150.45999932289124
(2021,5,19)	17	7	150.08000095188618
(2022,8,20)	13	6	149.99000084400177
(2021,6,17)	13	6	149.94000053405762
(2022,1,30)	17	6	149.76999986171722
(2020,4,11)	12	6	149.71999740600586
(2021,11,20)	15	8	149.61000135354698
(2020,5,8)	14	8	149.59999972581863
(2022,11,4)	13	6	149.57999968528748
(2021,7,14)	14	6	149.1599989309907
(2021,1,24)	13	9	149.0900006890297
(2020,12,1)	14	7	148.99999949336052
(2020,3,12)	13	8	148.8300006389618
(2020,8,26)	17	9	148.6900009214878
(2020,10,4)	13	6	148.58000135421753
(2022,4,16)	12	6	148.48999881744385
(2021,4,18)	13	6	148.46999883651733
(2021,12,12)	18	9	148.4600009918213
(2020,9,12)	19	10	148.42000102996826
(2022,2,25)	13	7	148.23999881744385
(2023,2,9)	15	8	147.95000208169222
(2021,10,10)	17	7	147.91000021994114
(2020,12,5)	12	5	147.72000110149384
(2021,6,9)	15	7	147.70999962836504
(2022,12,31)	16	9	147.54999846220016
(2021,5,16)	14	7	147.41999956965446
(2022,11,17)	13	7	147.1099991798401
(2022,3,26)	14	5	147.07000064849854
(2021,12,11)	12	6	146.59000086784363
(2022,3,30)	14	5	146.52999901771545
(2021,10,26)	15	7	146.22000028006732
(2020,10,11)	15	7	146.20999908447266
(2022,1,24)	13	7	146.15000009536743
(2021,8,6)	16	7	145.66999942064285
(2020,7,16)	15	6	145.6200001835823
(2020,11,9)	13	7	145.56000185012817
(2020,3,25)	17	9	145.48999932408333
(2021,9,17)	13	4	145.44000053405762
(2020,4,19)	14	6	145.37999856472015
(2021,6,6)	14	8	145.34999990463257
(2022,12,21)	17	6	145.20999765396118
(2022,10,10)	16	8	144.87999868020415
(2021,6,20)	16	8	144.8400002270937
(2020,4,22)	15	6	144.70000040531158
(2022,3,7)	14	7	144.69999814033508
(2021,8,31)	15	8	144.57999873161316
(2020,9,8)	14	8	144.5399990081787
(2020,5,1)	18	10	144.4799987450242
(2021,10,19)	11	5	144.40999937057495
(2020,10,14)	14	5	144.3999987244606
(2022,8,13)	17	7	144.2799994945526
(2021,12,21)	20	11	144.1899996995926
(2022,12,10)	12	5	144.18000030517578
(2023,2,14)	14	7	144.1099990606308
(2023,1,14)	12	5	144.1000016927719
(2021,9,12)	17	8	143.95999878644943
(2022,1,1)	19	8	143.7900020070374
(2021,1,2)	15	7	143.7300025820732
(2021,1,13)	12	8	143.7300000190735
(2020,7,23)	15	7	143.72000098228455
(2022,10,15)	18	7	143.67000019550323
(2023,2,21)	13	6	143.63999938964844
(2022,9,14)	15	7	143.54000008106232
(2023,1,2)	13	7	143.3999987244606
(2022,6,25)	12	6	143.30000042915344
(2023,3,1)	15	6	143.27000069618225
(2022,11,5)	14	7	143.02000033855438
(2022,10,26)	14	8	142.760000705719
(2021,9,27)	15	7	142.70000040531158
(2020,12,18)	16	7	142.6700016260147
(2021,3,14)	16	9	142.520001411438
(2022,5,6)	13	7	142.39000111818314
(2022,7,17)	11	6	142.25000095367432
(2022,3,18)	14	8	142.1699999421835
(2022,10,6)	12	8	141.720001578331
(2022,2,23)	18	7	141.55000007152557
(2022,4,9)	13	8	141.53000116348267
(2023,1,17)	15	7	141.07000160217285
(2021,10,4)	12	8	141.03999996185303
(2020,12,17)	14	8	140.94000051915646
(2022,8,30)	14	6	140.66000080108643
(2020,5,24)	15	9	140.589998960495
(2022,12,13)	15	6	140.57000136375427
(2021,4,5)	13	6	140.47999954223633
(2021,7,23)	14	8	140.4600019454956
(2021,11,22)	12	6	140.4600007534027
(2022,10,21)	14	6	140.41999918967485
(2022,7,5)	14	6	140.06000074744225
(2022,7,8)	13	7	140.0299974679947
(2023,1,10)	13	8	139.76000154018402
(2020,7,31)	12	6	139.6900006532669
(2022,9,28)	14	9	139.4199994802475
(2022,5,20)	12	7	139.37999944761395
(2021,5,14)	13	6	139.3699994981289
(2022,2,26)	14	7	139.3400001525879
(2022,10,18)	16	7	139.31000025570393
(2021,11,1)	17	8	139.21999955177307
(2021,6,22)	12	5	139.05999982357025
(2021,7,8)	10	4	138.9800000190735
(2021,8,13)	16	8	138.79999920725822
(2021,12,17)	15	7	138.51000028848648
(2023,2,12)	13	7	138.29000186920166
(2022,8,25)	14	7	138.26000100374222
(2020,7,22)	16	9	137.94000056385994
(2020,3,23)	11	5	137.6200009584427
(2022,1,17)	16	6	137.29000079631805
(2022,7,31)	13	7	137.23999899625778
(2020,11,2)	14	6	137.21000027656555
(2022,4,26)	15	6	137.13999908789992
(2020,5,23)	14	5	137.03999948501587
(2020,4,6)	11	6	137.03999903798103
(2020,9,24)	13	6	136.97999918460846
(2021,2,11)	12	9	136.91000247001648
(2020,5,7)	12	7	136.8700001835823
(2020,9,9)	14	7	136.86000081896782
(2020,3,30)	14	6	136.83999931812286
(2021,10,17)	14	7	136.59000140428543
(2022,12,8)	13	7	136.45000034570694
(2022,3,19)	13	6	136.3499984741211
(2022,3,3)	14	8	136.24999779462814
(2022,4,5)	14	8	136.08999947458506
(2020,11,20)	11	4	136.05999970436096
(2022,12,25)	12	6	135.43999934196472
(2021,3,9)	11	5	135.43000000715256
(2022,9,21)	15	6	135.3900007121265
(2022,1,20)	10	4	135.16000199317932
(2021,1,27)	13	8	135.1300003528595
(2020,12,15)	16	7	135.07999882102013
(2022,3,28)	13	5	135.04000043869019
(2021,7,27)	16	7	134.83000206947327
(2020,5,16)	13	7	134.760000705719
(2021,5,26)	17	8	134.59999999403954
(2020,5,12)	13	6	134.58999989926815
(2020,8,10)	12	5	134.239999294281
(2020,11,4)	14	6	134.0800010561943
(2023,2,28)	12	7	134.0100040435791
(2021,1,18)	20	9	133.99000042676926
(2022,8,28)	13	7	133.98999977111816
(2022,7,9)	11	6	133.879998087883
(2021,11,4)	15	7	133.56999929249287
(2022,7,21)	15	6	133.5699990540743
(2020,8,19)	16	7	133.5399992838502
(2022,7,20)	14	8	133.4599987268448
(2022,1,7)	13	5	133.27000033855438
(2021,3,16)	13	7	133.24999922513962
(2022,4,7)	12	5	132.9600004851818
(2020,11,12)	12	7	132.9299999475479
(2021,11,2)	14	6	132.89000189304352
(2021,7,19)	14	8	132.71000006608665
(2020,10,20)	13	5	132.69000005722046
(2020,7,8)	18	8	132.5600012242794
(2021,5,24)	13	6	132.33000001311302
(2021,1,5)	14	6	132.23999750614166
(2022,3,10)	11	4	131.60000038146973
(2022,8,2)	12	6	131.3999993801117
(2020,8,12)	13	7	131.34000039100647
(2022,2,17)	15	8	131.33999887108803
(2021,7,20)	17	9	131.19000090658665
(2020,12,30)	12	7	131.11999833583832
(2020,11,13)	17	8	131.110001206398
(2020,8,7)	13	8	130.60999965667725
(2020,4,26)	14	7	130.59999895095825
(2022,9,1)	11	7	130.35000038146973
(2022,4,20)	12	6	130.2899995446205
(2020,8,30)	13	6	129.86999988555908
(2021,2,12)	12	6	129.84000027179718
(2022,7,11)	15	8	129.7599996328354
(2020,10,28)	11	6	129.58000075817108
(2022,8,27)	14	7	129.31999999284744
(2023,2,5)	12	5	129.28999769687653
(2022,9,16)	16	10	129.24999952316284
(2022,5,16)	11	5	129.04999881982803
(2021,1,23)	13	7	129.03999936580658
(2020,6,9)	13	6	129.03999876976013
(2022,12,11)	15	7	128.66999879479408
(2022,11,7)	12	5	128.60000205039978
(2020,10,8)	12	6	128.53000116348267
(2020,9,14)	15	9	128.3899987488985
(2023,1,13)	13	6	128.28000257909298
(2021,11,28)	17	8	127.88999962806702
(2022,8,19)	14	6	127.64000248908997
(2022,6,29)	11	6	127.64000058174133
(2022,8,23)	13	5	127.50000101327896
(2021,8,23)	13	5	127.46999926865101
(2021,12,13)	17	8	127.3700020313263
(2021,11,30)	16	8	127.33000063896179
(2020,12,7)	11	6	127.11999917030334
(2020,8,4)	16	7	127.08999985456467
(2022,4,23)	13	6	126.93999928236008
(2021,6,7)	14	8	126.69000029563904
(2020,7,7)	16	9	126.64999920129776
(2020,3,27)	10	6	126.36999797821045
(2021,9,26)	16	7	126.33000034093857
(2023,3,3)	14	6	126.22999972105026
(2020,12,25)	14	7	126.09999966621399
(2021,3,3)	14	7	126.08999991416931
(2022,2,7)	14	9	126.07999809086323
(2020,9,10)	14	6	125.80999857187271
(2020,9,1)	16	8	125.72000044584274
(2020,7,13)	11	5	125.70000106096268
(2022,4,28)	15	8	125.55000007152557
(2021,2,7)	12	5	125.39000010490417
(2020,12,11)	13	7	125.10000121593475
(2020,4,9)	14	9	125.10000079870224
(2022,4,25)	15	7	125.09999871253967
(2021,1,3)	12	7	124.95999956130981
(2021,12,15)	14	6	124.93000084161758
(2022,3,25)	10	6	124.86000156402588
(2022,9,27)	12	6	124.71000075340271
(2020,10,22)	15	6	124.56000158190727
(2022,5,21)	12	7	124.49999856948853
(2022,9,18)	11	5	124.4399995803833
(2020,7,21)	12	5	124.34999775886536
(2020,4,1)	13	6	124.2899979352951
(2022,1,19)	13	7	124.28000044822693
(2021,11,11)	12	6	123.99999944865704
(2022,6,27)	14	6	123.86999958753586
(2020,11,27)	14	6	123.78000056743622
(2022,7,15)	12	7	123.74000132083893
(2023,1,29)	13	6	123.61999845504761
(2022,7,29)	16	7	123.54000013694167
(2021,1,1)	14	9	123.40000081062317
(2022,4,4)	15	7	123.37999999523163
(2021,6,23)	14	6	123.36000111699104
(2021,5,17)	15	8	123.23999910056591
(2021,11,29)	15	8	122.9599993377924
(2022,3,8)	14	8	122.87999773025513
(2021,12,28)	8	3	122.84999990463257
(2021,2,2)	11	6	122.64999961853027
(2020,5,22)	13	7	122.53000068664551
(2020,11,30)	14	6	122.41000163555145
(2022,7,18)	10	5	122.31999880075455
(2020,6,29)	12	6	122.22000074386597
(2022,7,25)	13	5	122.08999967575073
(2023,1,9)	11	5	122.08000183105469
(2020,4,30)	13	7	121.84000000730157
(2021,7,6)	13	6	121.769999101758
(2022,5,24)	14	6	121.71000050008297
(2020,8,1)	11	5	121.7099997997284
(2022,1,14)	12	6	121.2100003361702
(2020,9,3)	14	5	120.97000080347061
(2020,9,26)	15	9	120.8800014257431
(2022,11,8)	14	5	120.73999851942062
(2021,1,19)	14	6	120.69999873638153
(2021,9,13)	13	6	120.55000016093254
(2022,11,1)	15	9	120.34000164270401
(2021,5,22)	14	9	120.19999873638153
(2022,1,26)	10	5	120.14000058174133
(2021,9,10)	12	7	119.95999920368195
(2020,5,9)	13	7	119.79000256955624
(2021,8,2)	13	8	119.67999875545502
(2020,4,3)	13	7	119.63000249862671
(2022,4,2)	17	10	119.5599995739758
(2022,9,25)	13	7	119.54999923706055
(2020,9,25)	12	6	119.53999924659729
(2020,5,26)	12	7	119.26000213623047
(2023,2,18)	15	7	119.22000079974532
(2022,7,23)	14	7	119.13000057637691
(2021,9,30)	14	6	118.81000047922134
(2021,8,22)	13	9	118.26000082492828
(2021,11,15)	12	6	118.13000047206879
(2022,9,2)	15	7	118.08000206947327
(2021,3,2)	10	5	118.03999900817871
(2020,5,11)	12	6	117.96000009775162
(2021,7,24)	13	7	117.94000005722046
(2020,10,3)	17	6	117.80999868363142
(2022,11,18)	12	7	117.77000087499619
(2022,2,3)	12	5	117.71000093221664
(2020,10,29)	13	5	117.70000219345093
(2020,7,10)	10	7	117.44999992847443
(2022,5,27)	10	6	117.31999975070357
(2021,7,31)	11	5	117.28999948501587
(2022,4,14)	13	7	117.2600005865097
(2022,4,29)	11	7	117.21000082045794
(2021,12,4)	12	7	117.1599994301796
(2022,8,9)	11	7	117.06999969482422
(2021,1,30)	11	6	117.06000018119812
(2022,12,3)	11	4	117.02999711036682
(2020,12,23)	11	6	116.98999977111816
(2022,6,18)	18	8	116.88000107556581
(2022,3,31)	13	6	116.74999967217445
(2021,2,22)	11	6	116.59999823570251
(2020,7,1)	13	6	116.5499975681305
(2022,12,1)	17	9	116.48999965190887
(2023,2,1)	11	5	116.46000137925148
(2021,6,29)	12	6	116.1499992813915
(2021,1,9)	11	4	116.09999997913837
(2022,10,19)	13	6	116.07000029087067
(2020,8,17)	15	7	115.93999898433685
(2022,11,15)	15	7	115.87000155448914
(2022,1,31)	15	7	115.83000099658966
(2020,8,5)	13	6	115.79999904707074
(2022,1,6)	13	6	115.30000170879066
(2020,6,27)	10	7	115.18000078201294
(2021,6,4)	12	6	114.9999988079071
(2022,1,9)	13	6	114.97000098228455
(2021,3,7)	14	8	114.9499990940094
(2022,6,13)	11	6	114.86000084877014
(2022,1,23)	19	10	114.78999984264374
(2020,7,19)	10	6	114.76999998092651
(2020,5,25)	10	5	114.73999971151352
(2022,10,23)	14	8	114.63000118732452
(2021,8,16)	12	5	114.60999891161919
(2021,3,12)	13	5	114.52000296115875
(2020,7,9)	13	8	114.35999989509583
(2021,10,15)	11	5	114.35000014305115
(2021,4,30)	11	5	114.25999999046326
(2020,10,18)	11	5	114.03999900817871
(2022,8,17)	10	6	113.98000138998032
(2020,5,29)	13	7	113.62000107765198
(2021,9,11)	12	5	113.54000043869019
(2020,7,17)	11	6	113.48000025749207
(2022,7,30)	9	5	113.28000020980835
(2022,6,15)	11	4	113.2000008970499
(2020,10,31)	12	8	113.10999894142151
(2023,1,28)	10	5	113.07000064849854
(2021,3,10)	13	5	112.98999869823456
(2020,11,7)	12	6	112.74999943375587
(2022,8,11)	12	6	112.73999950289726
(2021,3,5)	10	6	112.58000040054321
(2021,3,26)	12	7	112.57999992370605
(2022,4,21)	12	6	112.57999956607819
(2022,8,14)	9	5	112.1200020313263
(2022,6,21)	13	7	111.82999908924103
(2020,6,11)	12	6	111.7999986410141
(2021,9,18)	12	6	111.73999881744385
(2022,2,2)	11	6	111.49000049568713
(2022,11,11)	12	6	111.41000044345856
(2021,2,5)	11	5	111.30999851226807
(2022,7,2)	10	6	111.25999879837036
(2020,4,27)	13	7	111.20999839901924
(2022,12,15)	12	6	110.8899998664856
(2021,4,22)	11	5	110.78999853134155
(2021,10,5)	10	5	110.46000134944916
(2021,11,25)	12	7	110.22000026702881
(2021,2,26)	9	6	110.07000017166138
(2021,12,16)	14	7	109.950000166893
(2020,11,6)	11	5	109.84999904036522
(2022,1,27)	13	8	109.56000132858753
(2023,1,3)	9	5	109.50999772548676
(2021,8,27)	9	5	109.26999950408936
(2022,5,9)	12	7	109.14999940991402
(2022,2,20)	8	3	109.03999948501587
(2021,5,28)	11	5	108.95999956130981
(2023,1,27)	11	6	108.95000076293945
(2023,1,22)	13	6	108.72000002861023
(2021,10,9)	10	4	108.71000027656555
(2020,9,7)	11	5	108.65999907255173
(2020,6,19)	12	5	108.31999862194061
(2022,5,11)	13	8	108.24000000953674
(2021,3,24)	9	4	108.19999933242798
(2021,10,7)	11	7	107.6500007212162
(2022,2,10)	8	4	107.41999959945679
(2022,2,28)	10	4	107.05999952554703
(2020,4,24)	14	7	106.75999981164932
(2020,7,5)	11	4	106.49999958276749
(2022,3,13)	14	6	106.25000053271651
(2020,11,24)	11	7	106.21999955177307
(2020,7,24)	13	7	106.10000109672546
(2022,3,24)	11	7	106.07000151276588
(2023,3,8)	9	5	105.92999911308289
(2022,2,15)	11	6	105.82999813556671
(2021,10,6)	10	7	105.81999921798706
(2022,5,22)	11	5	105.79999947547913
(2022,12,20)	9	5	105.64999866485596
(2020,9,22)	10	4	105.63000130653381
(2022,2,27)	12	6	105.27999866008759
(2021,12,8)	11	6	105.10999958217144
(2020,6,6)	17	8	104.96000063419342
(2021,2,9)	13	8	104.86999928951263
(2022,9,9)	12	5	104.75999891757965
(2021,9,14)	11	6	104.44000053405762
(2022,2,1)	10	5	104.41000079922378
(2021,12,26)	10	5	104.19000053405762
(2021,12,6)	11	6	104.1000006198883
(2022,3,2)	12	6	104.00000059604645
(2020,11,21)	11	5	103.82000005245209
(2020,5,5)	10	4	103.76000010967255
(2021,2,13)	14	9	103.52999937534332
(2020,9,29)	8	4	102.98999953269958
(2021,1,10)	11	5	102.90000033378601
(2022,12,12)	11	7	102.7399992197752
(2020,3,13)	10	5	102.59999877214432
(2022,11,20)	14	6	102.59000015258789
(2021,9,24)	11	7	102.49999970197678
(2021,6,27)	14	7	102.37999874353409
(2022,10,11)	9	5	102.31999921798706
(2022,12,23)	10	5	101.83000108599663
(2022,4,22)	11	5	101.7399982213974
(2023,2,27)	13	8	101.58999973535538
(2022,1,29)	11	5	101.58000075817108
(2021,7,4)	9	5	101.55999994277954
(2022,6,17)	8	4	101.3699996471405
(2021,1,4)	10	5	101.3000009059906
(2022,5,10)	9	4	101.28000116348267
(2022,9,4)	12	5	101.02999877929688
(2022,8,26)	14	6	100.97000021487474
(2021,7,9)	9	3	100.83000233769417
(2022,9,6)	7	4	100.67999947071075
(2022,10,2)	10	6	100.66000127792358
(2021,3,6)	10	6	100.42999839782715
(2022,3,5)	12	7	100.17999923229218
(2020,11,28)	14	7	99.63000118732452
(2020,3,24)	13	5	99.58000013232231
(2021,12,22)	12	7	99.5700002014637
(2021,11,13)	8	3	99.57000006735325
(2022,3,29)	10	5	99.47999858856201
(2022,11,29)	13	7	99.4600002169609
(2021,5,11)	9	5	99.440000385046
(2020,11,25)	11	5	99.39000090956688
(2020,3,18)	11	6	99.3799991607666
(2021,10,29)	12	6	99.20999896526337
(2021,4,16)	10	5	99.18999934196472
(2021,9,7)	11	5	99.02000054717064
(2021,10,14)	13	6	98.97999888658524
(2020,6,7)	11	5	98.8899986743927
(2020,9,20)	10	5	98.75999903678894
(2021,6,30)	11	6	98.73000019788742
(2020,9,11)	12	5	98.55999958515167
(2020,12,14)	10	5	98.1700005531311
(2022,7,13)	8	3	98.10999870300293
(2020,9,13)	14	7	98.09999924898148
(2022,5,31)	13	7	97.8300010561943
(2020,7,27)	11	5	97.56000030040741
(2020,9,4)	13	6	97.27000007033348
(2021,4,28)	12	6	97.22000035643578
(2023,2,25)	7	3	97.19000053405762
(2020,6,1)	7	4	96.90999794006348
(2020,4,16)	10	4	96.88000130653381
(2021,10,21)	9	5	96.70000052452087
(2020,4,28)	8	3	96.45000147819519
(2020,8,9)	13	6	96.38000047206879
(2020,11,15)	7	3	96.3400011062622
(2021,8,24)	8	4	96.12999725341797
(2020,5,6)	8	4	95.7700007557869
(2021,12,1)	8	5	95.27000045776367
(2022,4,12)	8	4	94.78000020980835
(2022,5,25)	7	4	94.42999982833862
(2022,5,29)	9	6	94.4099988937378
(2020,4,5)	9	4	94.37999904155731
(2020,12,9)	12	5	94.36999950557947
(2022,9,10)	8	3	93.92000114917755
(2022,1,3)	9	5	93.84999871253967
(2021,6,13)	11	5	93.50000011920929
(2021,8,5)	8	4	93.45999956130981
(2021,7,10)	15	8	93.40000110864639
(2021,8,14)	15	7	93.31000047922134
(2021,10,13)	11	5	93.26000207662582
(2020,5,13)	10	5	93.21999886631966
(2020,9,6)	12	7	92.97000057250261
(2021,10,2)	11	5	92.83000040054321
(2020,10,12)	11	6	92.60000020265579
(2022,4,1)	10	5	92.51999974250793
(2022,5,23)	10	5	92.50999999977648
(2021,8,25)	9	4	92.37999725341797
(2021,1,11)	9	6	92.14000046253204
(2021,11,16)	10	5	91.90000009536743
(2020,6,14)	13	7	91.80000019073486
(2020,10,21)	12	5	91.75000001862645
(2022,5,17)	9	5	91.64999914169312
(2021,4,13)	8	4	91.20000095665455
(2020,9,28)	9	5	91.1899995803833
(2020,12,12)	10	5	91.13000178337097
(2022,12,22)	9	5	90.91000014543533
(2022,9,30)	8	4	90.76999950408936
(2020,7,12)	12	7	90.68999934196472
(2022,9,17)	10	6	90.60999917984009
(2021,4,20)	9	5	90.44999881088734
(2021,4,3)	9	6	90.1500015258789
(2021,1,6)	8	5	89.86999928951263
(2021,1,12)	7	4	89.839998960495
(2022,2,11)	10	5	89.79000007361174
(2022,2,18)	6	5	89.51999950408936
(2022,3,27)	12	5	89.17999851703644
(2021,7,16)	7	4	89.12999892234802
(2021,7,15)	10	5	89.09000086784363
(2023,2,16)	9	5	88.81000077724457
(2022,6,28)	8	4	88.77000188827515
(2020,4,2)	9	3	88.50000044703484
(2022,2,12)	10	4	88.47999954223633
(2022,6,23)	9	4	88.32999844104052
(2021,2,14)	12	6	88.0700004696846
(2021,3,20)	9	4	87.89000129699707
(2022,11,6)	8	4	87.87000048160553
(2021,8,7)	8	4	87.83000028133392
(2020,12,3)	8	4	87.56000190600753
(2021,3,4)	8	4	87.54999959468842
(2022,5,13)	8	4	87.33999943733215
(2021,7,22)	7	4	87.04000043869019
(2022,10,1)	9	6	86.83000200986862
(2021,2,25)	7	5	86.63000082969666
(2022,10,3)	10	5	86.63000044971704
(2022,10,7)	10	5	86.4700001180172
(2021,10,25)	12	7	86.06000038981438
(2022,12,4)	10	6	85.84999990463257
(2022,1,11)	9	5	85.83999967575073
(2021,4,9)	10	6	85.83000040054321
(2022,9,5)	9	5	85.76000094413757
(2021,12,20)	8	3	85.75999999046326
(2020,6,16)	11	5	85.75000128149986
(2022,12,28)	11	6	85.70999893546104
(2020,7,11)	8	5	85.67999947071075
(2023,2,15)	7	5	85.16000080108643
(2020,11,26)	9	4	85.08999848365784
(2022,8,24)	6	3	84.71000099182129
(2021,12,24)	8	5	84.69000053405762
(2021,10,12)	10	6	84.50999972224236
(2022,7,4)	8	4	84.44000083208084
(2021,9,15)	9	4	84.26000094413757
(2020,12,24)	7	4	84.15000128746033
(2021,10,16)	9	6	83.62999987602234
(2020,6,21)	11	4	83.56999969482422
(2021,8,26)	8	5	83.46000003814697
(2020,10,7)	8	6	83.34000015258789
(2022,6,20)	9	5	83.25999963283539
(2023,3,7)	7	4	83.15999984741211
(2021,3,17)	9	6	83.0899990350008
(2021,1,15)	6	4	82.92000198364258
(2022,3,23)	8	4	82.48999953269958
(2021,2,17)	9	6	82.42000102996826
(2020,5,10)	13	6	81.98999950289726
(2023,2,7)	9	6	81.74999976158142
(2021,4,14)	6	4	81.41000032424927
(2020,5,17)	10	4	80.70000010728836
(2022,12,7)	9	4	80.67000031471252
(2022,4,13)	8	4	80.65000009536743
(2021,6,15)	9	4	80.60000050067902
(2022,10,12)	6	3	80.55000150203705
(2023,1,26)	9	5	80.54000091552734
(2022,11,3)	13	8	80.20999969542027
(2023,2,10)	6	3	80.19999933242798
(2020,3,19)	12	5	80.03000032901764
(2021,5,23)	10	5	79.89999830722809
(2022,11,28)	10	5	79.81999981403351
(2022,7,24)	11	6	79.75999927520752
(2020,5,18)	10	6	78.87999951839447
(2022,8,16)	9	6	78.78000110387802
(2021,9,20)	10	4	78.72999984025955
(2022,10,29)	7	4	78.6299991607666
(2021,11,23)	9	5	78.0600014925003
(2020,11,10)	9	4	77.92000144720078
(2020,5,4)	7	5	77.84000039100647
(2020,8,18)	12	7	77.77999913692474
(2021,7,13)	8	5	77.19999980926514
(2023,2,19)	8	5	77.13999927043915
(2022,7,1)	8	5	77.06999897956848
(2021,2,16)	9	4	76.91999888420105
(2021,5,31)	8	5	76.63000100851059
(2022,11,23)	9	6	76.18000149726868
(2022,7,26)	10	6	75.77999973297119
(2022,9,20)	7	3	75.76999998092651
(2022,9,11)	11	6	75.63000024296343
(2023,2,8)	7	4	75.39000034332275
(2020,8,29)	8	5	75.31000016629696
(2021,9,8)	7	4	75.17999982833862
(2021,5,1)	9	5	74.82000035047531
(2021,3,15)	5	4	74.79999923706055
(2020,8,28)	8	6	74.6499999538064
(2022,12,30)	9	5	74.64000087976456
(2020,3,15)	7	3	74.30999851226807
(2021,8,29)	8	4	74.01999861001968
(2020,3,26)	7	3	73.27999985218048
(2021,9,21)	9	4	73.11999982595444
(2022,11,10)	8	4	73.03000068664551
(2021,4,27)	7	5	72.52000021934509
(2021,7,30)	5	2	72.39999961853027
(2022,9,26)	10	4	72.08999991416931
(2021,4,15)	6	3	71.26999950408936
(2022,8,8)	7	5	70.93000030517578
(2020,5,28)	7	3	69.82999992370605
(2022,11,30)	6	4	69.41999995708466
(2021,10,22)	7	4	69.25
(2021,9,25)	6	2	68.9999988079071
(2021,3,21)	8	5	68.9900004863739
(2020,7,20)	8	4	68.9200009405613
(2020,8,6)	9	4	68.89999997615814
(2022,6,3)	6	4	68.70999908447266
(2023,2,6)	7	4	68.48000049591064
(2020,9,15)	6	3	68.14999985694885
(2020,6,25)	9	6	68.0399997830391
(2020,8,20)	8	3	67.85999977588654
(2020,11,11)	9	5	67.8499995470047
(2022,1,5)	7	5	67.43999969959259
(2020,9,2)	10	5	67.41999989748001
(2020,12,29)	8	4	66.75000071525574
(2020,8,15)	5	2	66.42000126838684
(2020,7,18)	8	5	65.91999959945679
(2021,9,23)	9	4	65.61999931931496
(2021,5,8)	8	4	65.49000024795532
(2021,8,18)	5	3	65.21000003814697
(2022,8,12)	8	4	64.75999963283539
(2021,12,2)	7	2	64.5600004196167
(2021,10,24)	9	5	63.38999938964844
(2020,7,29)	7	3	63.33000087738037
(2020,6,23)	7	4	63.309999883174896
(2022,9,22)	9	5	63.29000103473663
(2021,5,18)	6	4	62.950000286102295
(2021,5,12)	7	4	62.78000086545944
(2020,10,6)	7	2	62.570000648498535
(2022,7,12)	9	4	62.51000028848648
(2022,11,21)	8	5	62.489999294281006
(2023,2,11)	6	5	62.339998960494995
(2021,11,3)	7	4	62.03000032901764
(2021,12,9)	6	3	61.750000178813934
(2020,10,16)	5	4	61.52000045776367
(2021,7,26)	7	3	61.19000053405762
(2023,1,16)	7	4	60.99000126123428
(2022,8,5)	8	5	60.93999934196472
(2021,4,17)	7	3	60.77000069618225
(2020,12,31)	9	6	60.42999964952469
(2022,6,30)	7	4	60.390000104904175
(2022,6,9)	6	3	60.28000020980835
(2022,9,19)	10	5	59.91000032424927
(2022,6,11)	7	4	59.229998767375946
(2022,12,18)	7	5	59.130000948905945
(2022,2,4)	8	5	58.760000973939896
(2020,10,17)	7	4	58.61000049114227
(2022,3,1)	9	3	58.409999549388885
(2020,4,15)	6	4	57.779998779296875
(2022,5,8)	5	3	57.639999866485596
(2021,5,5)	9	5	57.02999973297119
(2021,9,3)	8	5	56.90000057220459
(2020,9,30)	5	2	56.72000050544739
(2021,6,11)	8	4	56.56000089645386
(2022,10,27)	8	3	56.34000039100647
(2020,12,19)	6	4	56.050001323223114
(2021,7,12)	7	4	55.59999966621399
(2022,1,2)	6	4	55.29999929666519
(2023,1,6)	6	4	54.85999917984009
(2021,4,21)	7	5	54.58000063896179
(2021,4,10)	6	4	54.19999980926514
(2022,5,5)	5	2	53.63000011444092
(2020,3,20)	8	4	53.62999999523163
(2022,11,19)	4	2	53.370001792907715
(2020,3,10)	5	4	53.290000915527344
(2021,3,13)	6	3	53.16000111401081
(2022,10,16)	5	2	52.989999175071716
(2023,2,17)	8	4	52.940000116825104
(2021,7,21)	6	4	52.71000039577484
(2021,7,1)	7	4	52.01000130176544
(2020,6,20)	7	5	51.65000009536743
(2020,5,20)	5	2	51.060000479221344
(2022,2,24)	8	5	50.71000003814697
(2021,11,6)	9	5	50.540000438690186
(2021,3,22)	9	5	50.2799996137619
(2020,3,9)	7	5	49.99999898672104
(2021,1,17)	6	3	49.77000015974045
(2022,6,1)	5	3	47.5999995470047
(2020,12,27)	4	2	47.40999889373779
(2020,8,11)	8	4	46.74000084400177
(2022,11,24)	8	5	46.71000099182129
(2022,5,2)	5	2	46.659999787807465
(2020,11,3)	5	2	45.75000065565109
(2021,9,22)	8	4	45.72000151872635
(2022,4,8)	7	5	45.629999071359634
(2021,6,14)	5	3	44.5999990105629
(2020,10,1)	7	4	44.44000053405762
(2020,11,18)	8	5	43.97000012546778
(2021,12,29)	5	4	43.159999787807465
(2023,2,20)	4	4	42.27000045776367
(2021,10,8)	4	2	42.14000129699707
(2021,4,7)	3	1	39.660000801086426
(2020,9,5)	6	3	39.63999938964844
(2021,5,20)	4	3	38.15999889373779
(2022,6,4)	4	3	37.80999982357025
(2021,8,28)	4	2	37.469998836517334
(2021,8,20)	4	2	36.93999934196472
(2021,10,30)	3	2	34.609999656677246
(2022,6,5)	4	3	33.28999948501587
(2022,5,28)	4	3	32.91000038385391
(2022,6,2)	2	1	32.079999923706055
(2022,2,6)	4	4	31.050000190734863
(2020,3,31)	4	3	30.31999969482422
(2023,1,5)	5	3	29.730000019073486
(2022,6,16)	7	3	29.43999981880188
(2022,4,30)	4	3	28.760000467300415
(2022,9,23)	2	2	28.110000610351562
(2021,5,27)	4	2	27.90000033378601
(2021,9,19)	3	2	27.210000038146973
(2022,10,9)	4	3	24.09999990463257
(2020,12,8)	2	2	20.890000343322754
(2021,12,30)	4	3	20.579999685287476
(2021,2,3)	3	2	18.37000012397766
(2022,8,7)	2	1	17.790000438690186
(2021,1,28)	3	2	17.670000076293945
(2022,3,9)	3	2	16.109999537467957
(2021,7,3)	2	1	11.829999923706055
(2022,3,21)	2	2	8.140000104904175
